Resultado:
76|41|56|90|81|99|27|64|67|69|15|29|13|14|49|7|71|22|52|86|51|32|89|10|0|24|83|63|92|61|35|85|77|48|72|68|11|54|47|46|80|43|38|17|4|9|30|79|37|42|44|74|12|25|53|23|58|65|84|36|88|5|40|97|45|50|20|78|2|87|19|70|94|8|57|82|6|75|62|93|3|31|26|95|55|91|16|1|73|21|60|28|18|66|39|96|59|98|34|0|
Jogador 4
Contador BS: 885
Contador BB: 349

Cartela:
80|57|8|46|10|47|18|94|72|54|
Não foram encontrados na cartela:
76|41|56|90|81|99|27|64|67|69|15|29|13|14|49|7|71|22|52|86|51|32|89|0|24|83|63|92|61|35|85|77|48|68|11|54|43|38|17|4|9|30|79|37|42|44|74|12|25|53|23|58|65|84|36|88|5|40|97|45|50|20|78|2|87|19|70|82|6|75|62|93|3|31|26|95|55|91|16|1|73|21|60|28|66|39|96|59|98|34|
